-2.73096  -2.0669  -0.00966854  -0.00832849  -1.37168
-8.91288  -5.78743  -0.01792  -0.0125411  -5.24147
0.431257  -2.08852  0.0256652  -0.00472353  -1.74842
-17.0669  8.26365  -0.0480936  0.0147617  -7.73197
0.739861  4.03204  0.0185769  0.0159855  -0.958334
2.45951  0.764594  0.00225582  0.00997366  1.53644
6.14245  0.342732  0.0318017  0.0135304  3.48974
5.04741  0.725164  0.0238811  0.00190167  3.2503
-2.01281  1.4577  -0.0112406  0.00876604  -1.04984
-19.7512  17.6143  -0.0495261  0.0301173  -9.15768
-0.933839  -2.61145  -0.000941739  -0.00999048  -0.651135
-10.2694  -2.78986  -0.0200638  -0.00692253  -5.98086
4.87119  -1.32964  0.015542  -0.00350033  3.0567
-2.39529  2.12553  0.000789526  0.00438731  -1.85682
-17.8327  14.9494  -0.0572448  0.025573  -7.28128
2.09312  -4.32773  0.0279895  -0.0158726  -0.636436
-12.3668  9.38501  -0.0206171  0.0161654  -7.821
-4.55535  2.07166  0.0154768  0.00276722  -6.00994
-16.8755  4.79041  -0.0439132  0.0154084  -7.90082
-10.1063  5.32595  -0.00240694  0.00897506  -9.19035
-9.09954  0.207709  -0.0362449  -0.00417548  -4.60871
-20.362  -5.67982  -0.0590253  -0.00825368  -8.36526
-3.95611  -2.44828  0.00356215  -0.00580636  -3.51541
-10.1071  -9.08707  -0.0366641  -0.0187683  -4.09177
-4.2379  6.44106  -0.00219353  0.0213957  -3.48725
15.3752  -9.19229  0.016077  0.00571624  9.60203
14.5634  -9.3297  0.038414  0.00038763  10.735
-18.7205  -8.03347  -0.0451264  -0.0157858  -9.08231
-1.19365  2.10251  0.0266078  0.00512622  -3.79811
-4.18208  -3.49935  0.0154989  -0.00654641  -5.66097
17.1507  -13.0817  0.0309813  0.0046253  11.6653
-7.24546  -6.57651  -0.0337598  -0.0139714  -2.83993
-1.75679  -5.72189  -0.0254929  0.00474277  0.00679474
20.279  -0.0696959  0.0233911  -0.00405991  12.02
-4.30899  3.76808  -0.0194723  0.0111525  -2.12536
21.9464  -2.83385  0.0148796  0.00936205  10.8364
-5.09634  3.02585  -0.00508883  0.00969977  -3.56874
-17.3485  -9.72025  -0.057422  -0.0162999  -6.82075
1.68479  -1.43373  0.0268215  -0.00598554  -0.235221
-16.0695  -1.77936  -0.059452  -0.0041407  -6.9266
-6.276  -4.15254  -0.0259289  -0.0116975  -2.76765
-13.1229  24.5621  -0.043783  0.0375946  -7.9707
-3.48676  1.85305  -0.0131309  0.00726209  -1.9365

